%eval_id interface              l              r   Umax_at_outlet 
1            NO_ID    9.969645804   0.4889077353      1.5802802 
2            NO_ID    9.948682964   0.5044871207      1.6502708 
3            NO_ID    9.979266992   0.5087430197      1.6630949 
4            NO_ID    10.00120576   0.4951056737      1.6020411 
5            NO_ID     10.0606181   0.5246688176      1.7144865 
6            NO_ID    9.976057534   0.5397495986      1.7881232 
7            NO_ID    9.995848773    0.503307072      1.6376689 
8            NO_ID    10.02555639   0.5002026816      1.6198427 
9            NO_ID    10.01028305   0.5020845773      1.6302098 
10           NO_ID    10.01377763   0.4765498312      1.5193291 
11           NO_ID    10.01768384   0.5101584574      1.6626941 
12           NO_ID    9.962626062   0.4939016165      1.6029687 
13           NO_ID    9.945158193   0.4997762785      1.6308963 
14           NO_ID     9.98576877   0.5357952996      1.7710738 
15           NO_ID    9.997102016   0.4975811945      1.6132493 
16           NO_ID     10.0523049   0.4722202958      1.4944051 
17           NO_ID    10.00252543   0.5052940032      1.6449254 
18           NO_ID    9.978231698   0.4901837627      1.5844718 
19           NO_ID    9.998774553   0.5127598196      1.6765209 
20           NO_ID    10.10091162   0.5086538744      1.6430639 
21           NO_ID     9.92729413   0.4780526229      1.5390799 
22           NO_ID    9.977734184   0.5038038831      1.6426803 
23           NO_ID    9.963178058   0.4800859484      1.5426215 
24           NO_ID    9.974897598   0.4912863489      1.5897614 
25           NO_ID    10.00947289   0.5237690185      1.7194628 
26           NO_ID    9.979379516   0.4795353148      1.5377216 
27           NO_ID    9.954080054   0.4876314895      1.5771548 
28           NO_ID    9.963814516   0.4926346962      1.5973241 
29           NO_ID    9.933911847   0.5057720615      1.6580918 
30           NO_ID    9.998103029   0.5338551847      1.7613597 
31           NO_ID    10.04745855   0.4920091605      1.5815614 
32           NO_ID    9.997655548   0.4727026275       1.504621 
33           NO_ID    10.02852183   0.5074833506      1.6498527 
34           NO_ID    9.961562046    0.507178191       1.659463 
35           NO_ID    9.959091854    0.492112213      1.5958138 
36           NO_ID    9.979929528   0.5304263194      1.7509902 
37           NO_ID    10.05361954   0.4801467922      1.5292088 
38           NO_ID    9.994114443   0.4785732192      1.5312379 
39           NO_ID    9.953153373   0.4956339247      1.6119144 
40           NO_ID    10.00016497   0.5124370885      1.6749639 
41           NO_ID    10.00206841   0.5233633746      1.7190816 
42           NO_ID    9.985344859    0.480519219       1.541157 
43           NO_ID    9.989884732   0.4853042893      1.5614533 
44           NO_ID    9.988466157   0.4880163258      1.5734814 
45           NO_ID    10.08191819   0.5215014521      1.6983062 
46           NO_ID     10.0781027   0.5226422243      1.7034985 
47           NO_ID    9.944127615   0.5294679548      1.7533481 
48           NO_ID    10.02379387   0.5144292127      1.6792583 
49           NO_ID    9.986988292   0.5302435432       1.749057 
50           NO_ID    9.921695488   0.4540702701      1.4308199 
51           NO_ID    10.03464415   0.5131181051       1.672111 
52           NO_ID    10.04339802   0.4637138179      1.4575676 
53           NO_ID    9.971804061   0.5341260514      1.7669636 
54           NO_ID    9.977947413   0.5118198247      1.6760728 
55           NO_ID    9.974797409   0.5142866271      1.6867607 
56           NO_ID    10.02666905     0.51757621      1.6916102 
57           NO_ID    10.00069237   0.5220462285      1.7140164 
58           NO_ID     9.98883722   0.4789959114       1.533904 
59           NO_ID     10.0348429   0.4911836928      1.5799744 
60           NO_ID    10.04263003   0.4906812727      1.5766101 
61           NO_ID    9.981877541   0.4851793616       1.562141 
62           NO_ID    10.08782501   0.4819535848      1.5319769 
63           NO_ID    9.969039536   0.5207324562      1.7140309 
64           NO_ID    10.01759006   0.5175098964      1.6928438 
65           NO_ID    9.972244736    0.487864594       1.575341 
66           NO_ID    9.954936308   0.5030728524      1.6432906 
67           NO_ID    9.995194363   0.4692919703       1.489703 
68           NO_ID    10.00329401    0.526521727      1.7315063 
69           NO_ID    10.09099725   0.4684824656      1.4721311 
70           NO_ID    9.909421942   0.5036756235      1.6532567 
71           NO_ID    10.00044307   0.5286804511      1.7405702 
72           NO_ID    10.01476145   0.5110677662      1.6669284 
73           NO_ID    9.965276685   0.5281144658      1.7443266 
74           NO_ID    10.03732345   0.5067766941      1.6454973 
75           NO_ID    9.986547836   0.4908341738      1.5859843 
76           NO_ID    9.977112849   0.5259461952       1.733653 
77           NO_ID    9.984890465   0.4756887533      1.5198367 
78           NO_ID    9.932363397   0.4953962375      1.6142097 
79           NO_ID    9.931147033   0.5363093039      1.7826056 
80           NO_ID    10.05407899    0.498309136      1.6073384 
81           NO_ID    10.02988665   0.4841009422      1.5500795 
82           NO_ID    10.02774833   0.5155678966      1.6832592 
83           NO_ID    10.00849149   0.5730931032      1.9055955 
84           NO_ID    10.01512779   0.5186508616       1.697884 
85           NO_ID    10.01000949   0.5179350069      1.6958286 
86           NO_ID    9.966878459   0.4857570729      1.5669829 
87           NO_ID    10.04501293   0.5061369015       1.641601 
88           NO_ID    10.05531333   0.4706408737      1.4869315 
89           NO_ID    10.00175458   0.4757793264      1.5177116 
90           NO_ID    10.01127879   0.4598386728      1.4445754 
91           NO_ID    10.00747799   0.5325657349      1.7546941 
92           NO_ID    9.946908161   0.4787892186      1.5393599 
93           NO_ID    9.940773298   0.4963900718      1.6171334 
94           NO_ID    10.00505801   0.5096499196      1.6626478 
95           NO_ID    10.00963319   0.5013488312       1.627214 
96           NO_ID    10.01293363   0.4968736377      1.6077328 
97           NO_ID    9.998547536   0.5069145248      1.6523377 
98           NO_ID    9.969228368   0.5066241611      1.6558937 
99           NO_ID    9.949104347   0.4880846516      1.5799071 
100          NO_ID    10.04369154   0.5130209723      1.6702355 
101          NO_ID    10.07271039   0.5199190568       1.693476 
102          NO_ID    9.994602713   0.4936033285      1.5966444 
103          NO_ID    10.01567555   0.4929534199      1.5905542 
104          NO_ID    10.03357864   0.5166785803      1.6868221 
105          NO_ID    10.01070435   0.4927149811      1.5903078 
106          NO_ID    9.988665978   0.4848048127      1.5594591 
107          NO_ID    9.959531881   0.4943009694      1.6051762 
108          NO_ID     10.0717089   0.5121325333      1.6620399 
109          NO_ID    9.956758833   0.5131955156      1.6852588 
110          NO_ID    9.973552921   0.4776195257      1.5301222 
111          NO_ID    9.990714268   0.5168553639      1.6946384 
112          NO_ID     9.95820216   0.5476272976      1.8214587 
113          NO_ID    10.05758209    0.494456636      1.5904451 
114          NO_ID    9.976627764   0.5027614353      1.6384686 
115          NO_ID    10.03107513   0.5048931634      1.6386542 
116          NO_ID    9.952798461    0.543894565      1.8081798 
117          NO_ID    9.984561601   0.5498340372      1.8251007 
118          NO_ID    10.01599541   0.5179005076      1.6946951 
119          NO_ID    9.957317145   0.4947884845      1.6076228 
120          NO_ID    9.960071684   0.5079744735      1.6630342 
121          NO_ID    10.03370409   0.4671665434      1.4745231 
122          NO_ID    9.925118625   0.4811611977       1.553216 
123          NO_ID    9.968669023   0.4893066663      1.5821645 
124          NO_ID     10.0050157   0.4831601114      1.5497607 
125          NO_ID    9.896119348   0.5161417565       1.707572 
126          NO_ID    10.05743874   0.4823686018      1.5383503 
127          NO_ID    9.934579708   0.5120453284      1.6841844 
128          NO_ID    10.01425089    0.486778893       1.564125 
129          NO_ID    9.974436309   0.4694017478      1.4932574 
130          NO_ID     10.0494833   0.4995910593      1.6134741 
131          NO_ID    10.01344081   0.5045963868      1.6402468 
132          NO_ID     10.0567178   0.4762697012      1.5116949 
133          NO_ID    10.04083529   0.4891420926      1.5702607 
134          NO_ID     9.98542758   0.4963237393      1.6097398 
135          NO_ID    9.971397677   0.4708619569      1.5002746 
136          NO_ID    10.03159737    0.505419203      1.6407658 
137          NO_ID     10.0629113   0.4862389276      1.5543399 
138          NO_ID    9.992108739   0.4623564055      1.4587907 
139          NO_ID    10.01049617   0.4772055979      1.5227236 
140          NO_ID    9.992282483   0.5150472473      1.6869852 
141          NO_ID    9.981316985   0.5375240425      1.7785782 
142          NO_ID    10.02158224   0.4809527491      1.5375681 
143          NO_ID     9.94267169   0.4651747398      1.4788067 
144          NO_ID    10.10381578   0.5064948426      1.6336964 
145          NO_ID    9.979759774   0.5389992979      1.7845726 
146          NO_ID    10.08496528   0.4842352674      1.5423204 
147          NO_ID    9.978722596   0.4574560422      1.4383164 
148          NO_ID    9.940010278   0.4948521566      1.6106492 
149          NO_ID    10.01939514   0.4680858193      1.4807367 
150          NO_ID     10.0249244   0.4614013228      1.4497381 
151          NO_ID    9.983195613    0.502244215      1.6352289 
152          NO_ID    9.989754987   0.4697358207      1.4924989 
153          NO_ID     10.0212875   0.5008922219      1.6234302 
154          NO_ID    9.967939116   0.5051687923       1.650004 
155          NO_ID    9.918753645   0.5043486905      1.6545751 
156          NO_ID    10.03840158   0.4987345169      1.6116063 
157          NO_ID    10.00696614   0.5036091715      1.6371502 
158          NO_ID    10.01182059   0.4989111625      1.6165615 
159          NO_ID    10.04162399   0.5082240952      1.6508094 
160          NO_ID    9.968121753   0.4875735505      1.5747154 
161          NO_ID    10.03950113   0.4860928004      1.5572759 
162          NO_ID    9.970585942   0.4990533504      1.6237371 
163          NO_ID    9.975207478   0.4724768551      1.5069508 
164          NO_ID      10.003601   0.4941521952      1.5975839 
165          NO_ID    9.985964009   0.4808289086      1.5424274 
166          NO_ID    9.938047337   0.4640416359      1.4743246 
167          NO_ID    9.976245442    0.497764835      1.6173477 
168          NO_ID    10.01143375   0.4798636917      1.5343146 
169          NO_ID    10.02306569   0.4974456891      1.6085652 
170          NO_ID    9.983579812   0.5236854913      1.7234936 
171          NO_ID    10.04534963   0.4977201422      1.6062189 
172          NO_ID    9.993143671   0.5010646407      1.6286517 
173          NO_ID    10.03143773   0.4894113936       1.572871 
174          NO_ID    9.961157659   0.4917067714      1.5937367 
175          NO_ID    10.06898454   0.5184955715      1.6883544 
176          NO_ID    10.01272725   0.5280202626       1.735864 
177          NO_ID     10.0088063   0.5189262997       1.700052 
178          NO_ID    9.966013776   0.5123458469      1.6802164 
179          NO_ID    10.02611251   0.5060083422      1.6441044 
180          NO_ID    10.04057159   0.5028077206      1.6284107 
181          NO_ID    9.952028971   0.5048018024      1.6510505 
182          NO_ID    10.02341256   0.4850424313       1.555169 
183          NO_ID    9.995715618   0.5188767086      1.7020323 
184          NO_ID     10.0056238   0.4845016916      1.5555329 
185          NO_ID    10.00081671   0.5289067468      1.7414035 
186          NO_ID    9.958588277   0.5079910465      1.6633496 
187          NO_ID    9.995310191   0.4742723503      1.5119722 
188          NO_ID    9.966608348   0.5383115029      1.7842038 
189          NO_ID    10.03310913   0.5115481388      1.6659114 
190          NO_ID    10.04615879   0.4734408763      1.5007331 
191          NO_ID    9.947018312   0.4868912131      1.5750247 
192          NO_ID    9.960512961   0.5252207219      1.7335725 
193          NO_ID    9.988264328   0.5241927565      1.7247384 
194          NO_ID    9.957732197   0.4870051229      1.5738535 
195          NO_ID     9.89743781   0.4783233924      1.5448644 
196          NO_ID    9.965825595   0.5242851888       1.728912 
197          NO_ID    9.997379999   0.4600347882      1.4474554 
198          NO_ID    9.919883063   0.5093982332       1.675606 
199          NO_ID    10.09623082   0.4968253629      1.5944826 
200          NO_ID     9.94229351   0.4826860119      1.5573028 
201          NO_ID    10.06596585   0.4825904159      1.5380327 
202          NO_ID    9.996626586   0.5114012167      1.6712727 
203          NO_ID    10.06182014   0.4872217168      1.5587558 
204          NO_ID    9.953556577   0.5008274001      1.6340093 
205          NO_ID    10.04118304   0.4859834776      1.5565447 
206          NO_ID    10.05454084   0.5016629698      1.6213898 
207          NO_ID    9.946157147   0.5002625865      1.6328039 
208          NO_ID    9.996082578   0.5206206339      1.7090361 
209          NO_ID    9.996763394   0.4987782996      1.6183908 
210          NO_ID    10.01831868   0.5107154749      1.6648912 
211          NO_ID    9.957113299   0.4924078302      1.5974024 
212          NO_ID    10.06703335   0.4900669383      1.5702118 
213          NO_ID     9.98722151   0.4897061039      1.5810015 
214          NO_ID    10.00416235    0.507645035      1.6544697 
215          NO_ID     9.95503258    0.488777668      1.5819976 
216          NO_ID    9.989550015    0.495752317      1.6066454 
217          NO_ID    9.981620281   0.4874002566      1.5718649 
218          NO_ID      9.9741986   0.5070707391      1.6569503 
219          NO_ID    10.00639082   0.4864821998      1.5640449 
220          NO_ID     9.93742807   0.5145015696       1.693866 
221          NO_ID    10.04284066   0.5317757441      1.7455572 
222          NO_ID    9.965234816   0.4793695354      1.5391392 
223          NO_ID    9.915039482   0.5004479439      1.6386284 
224          NO_ID    9.996456381   0.4993133788      1.6207097 
225          NO_ID    9.947976788   0.5014807294      1.6376815 
226          NO_ID    9.982535526   0.5092392799      1.6646265 
227          NO_ID    10.05132154   0.5024905214      1.6253708 
228          NO_ID      10.019209   0.5262409398      1.7276965 
229          NO_ID    10.02468991   0.5105232313      1.6630596 
230          NO_ID    9.970040847   0.4753362712      1.5204985 
231          NO_ID    10.00593768    0.517224411      1.6936143 
232          NO_ID    10.08248502   0.5050400269      1.6310562 
233          NO_ID    9.972433689   0.5139843362      1.6859094 
234          NO_ID     9.99844677   0.4918674557      1.5885802 
235          NO_ID    10.00447783   0.4791928666      1.5324091 
236          NO_ID    9.982732799   0.5332884756      1.7617872 
237          NO_ID    10.05085359   0.5096239223      1.6551046 
238          NO_ID    9.924109117   0.4904091861      1.5939549 
239          NO_ID    10.02448963   0.5270521909      1.7300304 
240          NO_ID     9.93601391   0.5198050747      1.7158376 
241          NO_ID    10.06373562   0.5424936619      1.7833925 
242          NO_ID    10.00149153   0.4731021935       1.505835 
243          NO_ID    10.02590023    0.500581895      1.6213878 
244          NO_ID     10.0323504   0.4747784127      1.5087109 
245          NO_ID    10.02185372   0.5160867317      1.6863462 
246          NO_ID    10.01660323    0.476230511      1.5174923 
247          NO_ID    10.03625472   0.5248202796      1.7191668 
248          NO_ID    9.980563875   0.5059120304      1.6510685 
249          NO_ID    10.00625381   0.4889999362      1.5749881 
250          NO_ID    10.00397276   0.4847165464      1.5567236 
251          NO_ID    9.955845848   0.5171334899      1.7015938 
252          NO_ID    9.970255908   0.4588231204      1.4457977 
253          NO_ID     10.0152556   0.5154207585      1.6847173 
254          NO_ID     10.1366741   0.5534169666      1.8116222 
255          NO_ID    9.991829068   0.4981844528      1.6166529 
256          NO_ID    10.06029514    0.492174302      1.5802819 
257          NO_ID    10.02091228    0.483978003      1.5509106 
258          NO_ID    10.02063252    0.530960681       1.746137 
259          NO_ID    9.869920179   0.5098849248      1.6859675 
260          NO_ID    10.03609466   0.4915253721      1.5812478 
261          NO_ID    9.951836893   0.5112344709      1.6779597 
262          NO_ID    9.941324758   0.4866024144      1.5746497 
263          NO_ID    10.04684665   0.5296510196      1.7365294 
264          NO_ID    10.04975602   0.4991721082      1.6116637 
265          NO_ID    10.01106261   0.4564878972      1.4292887 
266          NO_ID    10.03879965   0.5136120243      1.6734547 
267          NO_ID    10.07858732   0.5035054922      1.6252869 
268          NO_ID    9.999227226    0.501564794      1.6297891 
269          NO_ID    10.02931227   0.5011939102      1.6234242 
270          NO_ID    10.01889524   0.4431840165      1.3666509 
271          NO_ID    10.05608221   0.5272035493      1.7253085 
272          NO_ID    9.981225801   0.5156574381      1.6913183 
273          NO_ID    9.973885219   0.4670508327      1.4827318 
274          NO_ID    10.03288908   0.4514791068       1.403217 
275          NO_ID    9.994745595    0.490249826      1.5821807 
276          NO_ID    10.02983114    0.519266723      1.6979361 
277          NO_ID    9.950085505   0.4677396687      1.4893526 
278          NO_ID    10.03065703   0.4813593024      1.5379793 
279          NO_ID    9.993425442   0.5042609114      1.6420658 
280          NO_ID    10.00663359   0.5224823292      1.7147741 
281          NO_ID    10.03990221   0.4931234333       1.587505 
282          NO_ID    10.02413257   0.5066813933      1.6472269 
283          NO_ID    10.01391624   0.4971036565      1.6085562 
284          NO_ID    9.927985987   0.4942367115      1.6099147 
285          NO_ID    10.00542526   0.5103769917      1.6656001 
286          NO_ID    10.01859398   0.4980870116      1.6119938 
287          NO_ID    10.01623455   0.4838481356      1.5510572 
288          NO_ID    9.999531522   0.5227881038      1.7171966 
289          NO_ID    10.02109223   0.5025512011      1.6304434 
290          NO_ID    10.07026202   0.4938280014      1.5857986 
291          NO_ID    10.02796474   0.5164116338      1.6866616 
292          NO_ID    9.961029736   0.5221597068      1.7211587 
293          NO_ID     9.98786169    0.490617503      1.5848431 
294          NO_ID    9.971008928   0.5090761032       1.665836 
295          NO_ID    10.01213236   0.4946616944      1.5984243 
296          NO_ID    10.02872495   0.4925076985      1.5866075 
297          NO_ID     10.0456694   0.4973035523      1.6044036 
298          NO_ID    10.00303929   0.5057142469      1.6465997 
299          NO_ID    10.02760114   0.4883370119      1.5688224 
300          NO_ID    9.991358924   0.5348560407      1.7664386 
301          NO_ID     9.93942905   0.5019866487      1.6412103 
302          NO_ID     10.0392602   0.4626652205      1.4534189 
303          NO_ID    10.06837781   0.5031695887      1.6255037 
304          NO_ID    10.01981398   0.5018665886      1.6277692 
305          NO_ID     9.94338529    0.510300483      1.6754774 
306          NO_ID    10.01996719    0.518278636       1.695571 
307          NO_ID    10.03577779   0.4885645984       1.568547 
308          NO_ID    9.980448709   0.5041495173      1.6436946 
309          NO_ID    9.972837599   0.5276730414      1.7412748 
310          NO_ID    9.994338411   0.4662040327       1.475912 
311          NO_ID    9.993875924   0.5407336215      1.7888031 
312          NO_ID    9.904565043   0.4899374404      1.5949933 
313          NO_ID    9.993642679   0.5324041301       1.756434 
314          NO_ID    10.03043111   0.5166383155      1.6871773 
315          NO_ID    9.949508555   0.5126046711      1.6840209 
316          NO_ID    9.967091557   0.4815108108      1.5483126 
317          NO_ID    10.03771254   0.5000289361      1.6171817 
318          NO_ID    9.989299244   0.4999539578      1.6245671 
319          NO_ID    9.990558749   0.4777379002      1.5280786 
320          NO_ID    9.962485955   0.5007481849      1.6322345 
321          NO_ID    10.04759077   0.4896336516      1.5713385 
322          NO_ID    9.961981022   0.4949978416      1.6077815 
323          NO_ID    9.978829977   0.5109122645      1.6721733 
324          NO_ID    9.963489254   0.5055562718      1.6523542 
325          NO_ID    9.929945343   0.4768021142      1.5331018 
326          NO_ID    10.02644788    0.493021822      1.5891657 
327          NO_ID    10.06401576   0.5023362252      1.6227102 
328          NO_ID    10.02539965   0.4952045907      1.5986604 
329          NO_ID    9.976741365   0.5133391627      1.6825402 
330          NO_ID    10.05883832   0.4660675622       1.465952 
331          NO_ID    10.00901754   0.5099947902      1.6634298 
332          NO_ID    10.02034373   0.4855843407      1.5579972 
333          NO_ID    9.986401868   0.5312018199      1.7529427 
334          NO_ID    10.04904936   0.5029820564      1.6277908 
335          NO_ID    10.01244126   0.4817848397      1.5426041 
336          NO_ID    9.987688596   0.4644413072      1.4689001 
337          NO_ID    9.951015322   0.5257832443      1.7374494 
338          NO_ID    9.984735608    0.499488357      1.6233222 
339          NO_ID    10.00818237   0.4971833923      1.6098017 
340          NO_ID    10.03812875   0.4997065121      1.6157556 
341          NO_ID    10.03674791   0.4834637661      1.5462578 
342          NO_ID    10.00780036   0.5193939901      1.7021148 
343          NO_ID    9.973055174   0.4737804834      1.5131034 
344          NO_ID    9.990141858   0.5231914105      1.7203997 
345          NO_ID    9.991624422   0.5158684173      1.6904555 
346          NO_ID    9.987496888   0.5203589973      1.7094165 
347          NO_ID    10.01312352    0.498418061      1.6142642 
348          NO_ID    9.967541073   0.4934733425       1.600349 
349          NO_ID    10.04206964   0.4713883273      1.4922018 
350          NO_ID    10.00788071   0.5077372493      1.6542498 
351          NO_ID    10.02245972   0.5084240454      1.6547376 
352          NO_ID    10.04850095   0.5088753198      1.6523935 
353          NO_ID    9.936431779    0.513693908      1.6906993 
354          NO_ID    10.03512297   0.4936903896      1.5906739 
355          NO_ID    9.982350964   0.4910160564      1.5874263 
356          NO_ID    9.916039074   0.4932617874      1.6076084 
357          NO_ID    10.02890764   0.5194950464      1.6990123 
358          NO_ID    9.964263598   0.5138125904      1.6865576 
359          NO_ID    9.980831813   0.4473836309      1.3914342 
360          NO_ID    10.00278222   0.4884847304      1.5732949 
361          NO_ID    10.03428027   0.5210113493       1.704235 
362          NO_ID    9.977447906   0.5152454281      1.6902574 
363          NO_ID    10.01725688   0.5449771071      1.8009437 
364          NO_ID    9.992881134   0.5148434936      1.6860512 
365          NO_ID    10.02712066    0.504006195        1.63558 
366          NO_ID    10.02288426    0.495496217      1.6002988 
367          NO_ID    10.05286885   0.4979076494       1.605831 
368          NO_ID    10.01575059   0.4820863901      1.5434237 
369          NO_ID    10.02232774   0.5201838643      1.7028889 
370          NO_ID    10.00930374    0.496664855      1.6074172 
371          NO_ID    9.930565673   0.5073355258      1.6652095 
372          NO_ID    9.964735035   0.4985332641        1.62246 
373          NO_ID    10.04453063   0.4836851551      1.5460421 
374          NO_ID    9.956106035   0.5147075818      1.6915982 
375          NO_ID    10.00182471   0.4738657736        1.50919 
376          NO_ID    10.05925139   0.5253933896      1.7175971 
377          NO_ID    9.999797652   0.4960742569      1.6064007 
378          NO_ID    9.990980951   0.4743974174      1.5131758 
379          NO_ID    10.07626598   0.4751855938      1.5040215 
380          NO_ID    10.06578129   0.4855412488      1.5508825 
381          NO_ID    9.944936298   0.5109759557      1.6780285 
382          NO_ID    10.00720427   0.5089367782       1.659342 
383          NO_ID    9.999472529   0.5354690702      1.7674299 
384          NO_ID    9.911598377   0.4511517095      1.4186773 
385          NO_ID    10.01459565   0.5411514525       1.786794 
386          NO_ID    10.07493269   0.4914165774      1.5747825 
387          NO_ID    9.975763599    0.470218223      1.4967344 
388          NO_ID    9.997764439   0.5212707701      1.7113806 
389          NO_ID    10.03222972    0.477374301      1.5202154 
390          NO_ID    10.00231693   0.4831993617      1.5503446 
391          NO_ID    9.984023671   0.5062590932      1.6519586 
392          NO_ID    9.971428496   0.4716146565      1.5036491 
393          NO_ID    9.950740159    0.521756662      1.7212703 
394          NO_ID    10.01814114      0.5116802      1.6689007 
395          NO_ID    10.00456773   0.4804968367      1.5381401 
396          NO_ID    10.01701792    0.496122984      1.6038926 
397          NO_ID    10.05063923   0.4958869674      1.5976129 
398          NO_ID    9.983251469   0.5083310882      1.6607294 
399          NO_ID    9.992575231   0.4965372274      1.6095186 
400          NO_ID    9.984128276   0.4828747834      1.5517029 
